345,766
343,555
532,723
810,622
163,901
598,56
do()
905,791
767,89
874,668
don't()
746,753
961,917
578,658
693,262
830,470
310,717
73,255
673,551
774,338
do()
802,740
243,183
don't()
806,801
56,431
399,880
512,540
do()
365,444
114,504
487,601
953,560
174,660
802,446
306,304
241,492
299,824
870,405
422,189
276,921
913,207
818,262
440,835
347,140
12,361
432,576
do()
310,592
492,471
834,524
234,340
891,396
142,532
374,447
155,220
721,750
778,260
777,312
623,101
127,361
139,822
465,869
677,898
240,110
994,931
449,745
217,696
221,836
871,646
649,851
do()
203,549
566,723
71,88
680,450
43,229
715,689
244,492
114,868
57,122
569,552
155,379
398,270
249,749
467,243
don't()
760,25
993,817
884,716
do()
352,496
don't()
412,194
686,354
don't()
452,313
920,484
751,237
701,219
54,852
117,489
763,475
986,853
43,897
207,469
237,787
542,157
466,974
678,165
616,117
904,600
438,773
720,13
468,137
990,391
284,783
788,482
211,898
237,249
280,976
102,138
171,496
775,530
178,21
533,267
576,4
436,336
463,367
102,156
304,732
970,264
do()
807,956
773,746
445,526
420,885
don't()
138,683
479,204
561,563
603,943
406,737
152,58
43,304
715,799
844,292
900,791
123,811
612,112
320,45
263,865
628,402
don't()
947,979
441,144
103,568
239,536
537,157
142,857
199,630
do()
63,689
216,315
181,124
696,385
908,253
998,882
783,492
863,499
23,341
655,135
661,325
394,949
do()
930,22
891,111
do()
475,603
325,618
368,116
713,694
231,596
921,63
699,968
595,548
863,866
819,205
do()
947,557
595,561
766,730
969,292
808,242
241,786
395,180
543,182
242,439
don't()
487,649
761,854
402,396
don't()
51,725
468,893
779,665
82,47
966,718
613,225
635,416
729,69
754,156
331,744
536,505
270,727
584,914
770,597
566,371
431,257
don't()
441,879
675,232
803,318
193,950
850,957
280,994
623,577
942,320
795,192
602,200
429,600
do()
60,862
175,546
65,656
898,626
705,654
188,25
456,326
481,93
473,855
714,653
23,988
561,251
315,596
151,933
883,474
don't()
41,669
73,433
258,921
106,615
963,821
828,159
423,306
455,647
551,989
785,154
don't()
748,984
650,149
386,30
don't()
903,99
992,909
don't()
944,954
110,797
don't()
34,388
202,605
do()
209,331
don't()
132,620
555,449
187,685
309,129
152,923
281,513
do()
566,845
256,864
359,893
550,432
199,811
293,689
298,628
do()
228,774
don't()
351,71
427,424
732,189
don't()
993,862
413,474
388,540
386,547
259,966
59,320
837,608
862,367
639,867
do()
417,713
751,602
731,827
302,377
658,242
393,286
143,747
654,923
412,619
94,395
543,140
894,717
194,32
952,751
564,368
578,119
257,172
460,165
322,660
341,188
365,476
411,895
don't()
179,768
633,949
986,569
973,414
904,727
201,762
903,105
344,148
921,159
885,837
542,794
511,377
991,899
244,653
864,493
585,982
104,216
888,953
969,193
do()
351,397
591,394
581,992
don't()
366,958
41,963
653,973
902,82
230,836
265,919
748,89
3,621
don't()
378,465
637,901
don't()
138,394
356,794
151,94
92,956
188,489
do()
416,222
78,182
456,135
469,864
80,492
970,872
989,699
998,127
246,169
564,254
585,28
105,926
903,224
419,745
555,225
768,455
757,49
do()
377,343
731,518
104,159
864,248
do()
671,810
373,295
612,243
517,385
569,660
149,268
763,824
432,368
355,593
325,34
601,765
don't()
818,690
444,450
811,633
don't()
575,620
785,442
728,359
837,37
396,139
515,392
209,850
do()
566,669
859,210
874,799
328,112
do()
576,717
985,658
437,756
don't()
328,143
41,34
657,550
341,872
don't()
805,568
938,730
509,112
765,701
800,467
401,967
152,480
do()
367,114
857,679
710,252
106,321
393,583
733,744
330,43
536,145
660,501
859,387
548,10
199,787
do()
197,500
709,951
225,263
771,673
746,291
887,752
727,513
369,667
249,441
999,876
186,379
806,263
350,362
don't()
426,218
976,892
731,76
163,611
44,657
326,630
316,4
102,24
586,357
830,113
854,851
884,829
634,11
940,730
315,377
947,179
354,837
718,126
392,406
667,160
792,751
477,277
397,838
354,318
856,992
884,933
772,762
231,313
673,986
782,955
922,151
666,118
805,688
do()
429,343
31,538
707,82
299,492
668,532
292,49
473,251
999,765
177,860
488,503
do()
85,942
227,390
270,642
843,712
853,87
132,10
440,436
332,464
251,318
540,277
937,405
898,676
775,987
48,384
204,140
376,711
149,506
192,996
880,535
423,263
866,358
797,13
826,995
59,148
don't()
645,651
796,954
28,311
don't()
903,227
624,625
216,114
743,469
do()
611,802
561,982
207,619
846,461
163,195
753,176
910,478
209,230
don't()
106,878
86,13
200,412
285,237
308,309
880,171
do()
709,722
527,907
670,931
855,264
548,28
599,821
878,559
don't()
994,645
209,67
349,78
225,901
818,682
152,639
do()
177,655
600,255
5,953
900,307
441,246
763,310
don't()
289,172
don't()
218,233
535,511
922,128
203,808
do()
338,424
170,324
895,778
591,815
11,111
229,407
don't()
18,891
do()
435,135
368,920
930,157
682,770
537,172
289,489
576,338
854,88
726,742
768,203
468,338
543,650
528,681
746,92
189,783
560,503
372,250
223,496
975,639
457,568
don't()
324,880
70,798
465,724
85,858
951,807
678,463
971,903
712,760
752,188
428,573
461,956
353,754
141,974
497,471
115,659
662,675
34,6
941,440
103,793
999,411
487,886
41,651
392,297
681,343
do()
326,461
do()
747,631
don't()
358,222
100,430
761,79
701,138
389,248
do()
403,415
don't()
31,786
219,86
360,469
851,189
746,316
714,622
222,991
830,780
57,161
306,589
498,365
581,239
238,608
951,639
932,194
391,952
392,789
851,332
925,423
541,179
123,427
159,908
917,718
140,59
433,609
133,858
367,417
517,827
128,355
389,819
408,435
do()
218,540
593,988
277,30
896,116
59,615
do()
367,136
185,184
225,500
178,560
don't()
514,558
36,747
287,362
32,838
62,989
199,673
315,155
10,649
629,27
195,137
606,783
481,349
28,389
628,171
208,827
don't()
735,558
178,387
565,609
130,74
347,919
377,21
395,896
335,630
932,564
180,332
988,195
